0.32072894736842106
0.2646411075612355
0.18654181818181875
0.17604291845493605
0.38847987616099033
0.382340425531915
0.029328402366864126
0.2646411075612355
0.22115163934426263
0.2928582834331334
-0.9177912912912927
-0.864568798449618
-0.35045901639344246
0.24784696016771401
-0.07971823204419838
0.25352303523035247
0.3831212871287123
0.42611346153846114
0.5135074906367042
0.6489304029304037
0.6252292020373516
0.6083584905660379
0.6344057377049175
0.7181348314606747
1.1520787545787547
1.012251381215471
0.8852074468085107
0.5135074906367042
0.4461352313167233
0.30651920341394084
0.28884166666666805
0.5904479999999996
0.5026445012787715
0.4841144578313253
0.4461352313167233
0.4930638297872326
0.6083584905660379
0.5904479999999996
0.4930638297872326
0.5878681434599151
0.6055858895705533
1.4431125000000005
0.6265573122529648
0.3831212871287123
0.30651920341394084
0.24784696016771401
0.35648377581120866
0.4461352313167233
0.5496307189542483
0.4047732997481111
0.28312300683371316
0.2589523809523808
-0.008153751537515392
0.29877862595419846
-0.008153751537515392
0.30651920341394084
0.36456738544474454
0.2971397849462356
0.5496307189542483
0.6252292020373516
0.5878681434599151
0.2971397849462356
0.032951100244498564
0.26257884615384663
0.2706498855835238
0.06087058823529425
0.18654181818181875
-0.31698091603053413
-0.7648644763860392
-0.5993292181069956
-0.008153751537515392
-0.31698091603053413
0.032951100244498564
0.11234615384615382
0.4461352313167233
-0.06805829596412544
0.2706498855835238
0.5135074906367042
0.6344057377049175
0.6794598765432096
0.7547666666666656
0.9400331325301202
0.6489304029304037
0.4930638297872326
0.8600841584158418
1.2401329479768806
1.499352542372883
1.5312770083102485
1.1740394736842121
1.4610235602094244
1.4431149068322968
1.030279151943463
0.7497140381282493
0.7497140381282493
0.29738969258589476
0.3561337295690932
0.4751428571428567
0.5725049504950493
0.6794598765432096
0.7399605911330045
0.8442777777777797
0.7497140381282493
1.012251381215471
0.6072236180904516
0.7114704225352119
1.4521097046413491
1.4610235602094244
1.4521097046413491
1.5887989417989419
0.835532467532468
0.7106249999999993
0.6252292020373516
1.4807513513513506
-0.31698091603053413
-0.9304483173076843
-0.9177912912912927
-0.864568798449618
-0.8279453441295586
-0.16245454545454563
0.1426720085470073
0.43303805496828857
0.13615932203389838
0.032951100244498564
0.29877862595419846
0.24784696016771401
0.35648377581120866
0.4751428571428567
0.8600841584158418
0.8973447684391072
0.5989655172413784
1.030279151943463
1.5712732240437177
1.5712732240437177
1.5887989417989419
1.4196813186813175
1.6400207100591722
0.8973447684391072
0.835532467532468
1.3466008583690994
0.6072236180904516
1.4431149068322968
-0.9605152941176487
-1.302674140508224
0.40042732558139493
0.7598028169014077
-1.5204387001477155
0.4981131386861313
0.3444018912529551
0.6526650366748159
-2.0917816593886465
-2.188063670411987
-1.118748768472911
-0.9319820105820098
-2.0219569377990374
-1.6959205741626708
-2.208856382978717
-1.7472631578947297
-1.4108764450866953
-1.5004288913773873
-2.132591869918689
-2.2316993318485494
-1.581371217215873
-0.7908349514563126
0.21114473684210497
-0.1527588357588357
0.35648377581120866
0.7497140381282493
0.5989655172413784
1.1775459558823536
1.3466008583690994
1.4521097046413491
1.3466008583690994
0.5813291139240512
0.9623428571428587
1.1775459558823536
1.1084469026548687
1.012251381215471
1.632272425249166
0.5795358851674642
1.5712732240437177
0.7497140381282493
1.3227715736040606
1.3775746606334835
0.20207775768535288
0.5496307189542483
0.6497279411764706
0.6894911242603536
0.2971397849462356
0.5135074906367042
0.5135074906367042
0.5135074906367042
0.9004089456869003
0.6470530973451323
0.5424288939051894
0.5496307189542483
0.30651920341394084
0.2706498855835238
0.39314990138067013
-0.9341164021164022
-0.062208683473390126
-0.44031069958847935
0.24245333333333335
0.30651920341394084
-0.6759467140319688
-0.812230382293759
-0.06805829596412544
-0.31266795366795375
-0.31698091603053413
-0.8897939330543942
-0.9341164021164022
-2.1918571428571427
-1.118748768472911
0.1426738544474397
0.24245333333333335
-0.02472319201994953
0.3444018912529551
0.45010588235294074
0.42611346153846114
0.5904479999999996
0.5026445012787715
0.6817368421052625
1.5712732240437177
-0.31698091603053413
-2.24157999999999
-0.87484908657665
0.5496307189542483
0.40042732558139493
1.1842493438320223
0.4981131386861313
0.26257884615384663
0.20207775768535288
-1.0693761638733705
-2.0621307550644628
-1.572160636758323
-0.9605152941176487
-0.8853586956521741
-0.9714088888888892
0.15121859706362162
0.20207102272727243
0.266598265895953
0.3831212871287123
0.4461352313167233
-0.8782950819672126
-2.0219569377990374
-2.0219569377990374
-0.9824151260504141
-0.9319820105820098
-0.41453409090909016
-0.7861853658536603
-0.02472319201994953
0.38847987616099033
0.7106249999999993
0.2706498855835238
0.3831212871287123
-0.9605152941176487
0.08553558718861225
0.23149494949494948
0.43303805496828857
-0.864568798449618
0.2646411075612355
0.2646411075612355
0.38154450261780115
0.7694632237871671
0.28884166666666805
-0.062208683473390126
1.1783571428571438
1.3466008583690994
0.5989655172413784
0.3831212871287123
-0.06805829596412544
0.4930638297872326
-0.346374468085106
-0.06805829596412544
-0.02053846153846154
0.01221712538226297
-0.8646016260162609
0.2394181034482759
-0.8646016260162609
-0.9338581632653
-0.9525314960629929
-0.4597439024390249
-0.9341164021164022
-0.9338581632653
-0.9450109489051124
-0.8673445378151265
-0.9714088888888892
-0.5857388316151195
-0.37612589928057555
0.2928582834331334
-1.0056260416666654
-0.6759467140319688
-0.9338581632653
0.21114473684210497
0.5424288939051894
0.2646411075612355
0.2928582834331334
0.29738969258589476
0.7917083333333337
1.030279151943463
1.0947878787878789
0.4461352313167233
0.5135074906367042
0.24784696016771401
-0.9177912912912927
-1.4263293577981662
-2.051144654088051
-0.9069182530795049
-2.2485446735395067
-0.5028408163265308
-2.2586062992125964
-1.4193304347826012
-0.812230382293759
-0.8853586956521741
-0.16245454545454563
0.29877862595419846
0.29877862595419846
0.5135074906367042
0.5878681434599151
0.5970132158590302
0.38847987616099033
0.28884166666666805
0.3225975103734442
0.6424325396825388
0.7497140381282493
1.3775746606334835
0.39314990138067013
-2.0621307550644628
-0.5190353982300883
0.29738969258589476
-2.188063670411987
-0.008153751537515392
0.3339490445859872
0.29738969258589476
0.2971397849462356
0.1835243055555566
-0.24864951768488777
0.24245333333333335
0.382340425531915
0.38847987616099033
0.36456738544474454
0.2706498855835238
0.28312300683371316
0.4431092715231798
0.7497140381282493
0.4981131386861313
0.5763571428571429
0.8329584664536741
0.3831212871287123
0.5878681434599151
0.382340425531915
0.3444018912529551
0.1426720085470073
0.39314990138067013
0.5904479999999996
-0.8965128205128224
-0.8206279069767447
0.3339490445859872
-0.8621506456240997
-0.06341258741258735
0.7089756097560972
1.5712732240437177
-0.7540245664739926
0.1426720085470073
0.4930638297872326
0.3339490445859872
0.6794598765432096
0.5947111111111116
0.5496307189542483
0.032951100244498564
0.6424325396825388
1.4807513513513506
0.38154450261780115
0.4353767123287665
0.6497279411764706
0.6341477272727267
0.8329584664536741
0.7497140381282493
1.4431149068322968
0.781195402298851
0.29738969258589476
-0.6689569892473132
0.36456738544474454
0.5026445012787715
0.6344057377049175
0.6896153846153849
0.39314990138067013
0.6072236180904516
1.4431149068322968
0.6265573122529648
0.6470530973451323
0.650690721649484
0.5026445012787715
0.5532333333333337
0.5488112244897967
0.6896153846153849
-0.8618101694915202
0.36456738544474454
0.7181348314606747
0.7114704225352119
0.5732013651877133
0.32072894736842106
-0.9090161779575275
-0.06805829596412544
0.29738969258589476
0.6526650366748159
-0.40851520737327407
0.22115163934426263
0.0011049868766404148
-0.5706652719665268
-2.0219569377990374
-1.572160636758323
-0.44031069958847935
-0.0600987261146497
0.35648377581120866
0.24169921875000025
-0.5028408163265308
-0.40851520737327407
0.032951100244498564
0.04589071856287462
-1.9016159169550249
-0.18957939914163094
0.2646411075612355
0.15121859706362162
-1.581371217215873
-1.0693761638733705
-1.6709256410256461
-1.0287012012012022
-0.8646016260162609
-0.9341164021164022
-1.262878029079161
-2.045924265842347
-2.208856382978717
-1.6959205741626708
-0.9090161779575275
-0.6767283950617292
0.01221712538226297
-0.02053846153846154
-0.1302763157894736
-1.140805429864248
-0.9341164021164022
0.2646411075612355
-0.9069182530795049
-0.9177912912912927
-0.18938818565400894
0.08553558718861225
0.6788356164383565
0.36456738544474454
-0.8646016260162609
-0.06805829596412544
0.33481967213114794
0.5989655172413784
1.1775459558823536
0.6265573122529648
1.1084469026548687
0.5813291139240512
0.7106249999999993
0.29877862595419846
0.7106249999999993
0.4578510638297872
0.40042732558139493
-1.2373741007194288
-1.9828259705488664
-1.5204387001477155
-1.5144158163265262
-1.9016159169550249
-1.0599161882893238
0.20207775768535288
-0.9609383954154738
-0.87484908657665
-0.8853586956521741
-0.9304483173076843
-2.188063670411987
-1.5329409282700428
-0.9002636718749976
0.17604291845493605
0.1426738544474397
-1.9116531322505843
-1.1224285714285736
-1.140805429864248
-2.045924265842347
-2.045924265842347
-1.5974332425068174
-2.1588006814310057
-2.2215927927927863
-1.5004288913773873
0.2394181034482759
0.3831212871287123
0.25352303523035247
-0.1527588357588357
0.382340425531915
-0.18957939914163094
0.17604291845493605
0.5813291139240512
0.4461352313167233
0.4930638297872326
0.7898554216867474
0.4930638297872326
0.6252292020373516
0.5989655172413784
0.5135074906367042
0.7917083333333337
0.40042732558139493
-1.7659166666666666
-1.0599161882893238
-0.5993292181069956
-0.02053846153846154
0.2971397849462356
-1.0999372862029673
-0.9069182530795049
0.4981131386861313
-0.13160270270270225
0.7497140381282493
1.1084469026548687
-0.7540245664739926
0.5424288939051894
0.7399605911330045
1.3466008583690994
1.5312770083102485
1.4807513513513506
1.4431149068322968
0.6911897435897436
0.7694632237871671
0.5135074906367042
-0.31698091603053413
-1.777137030995102
-0.9605152941176487
0.3796145833333334
0.4930638297872326
-1.9016159169550249
-1.0224908825674794
-0.8832235434007115
0.24784696016771401
0.40042732558139493
0.38154450261780115
-2.028803611738144
-2.188063670411987
-0.87484908657665
-1.9828259705488664
-1.1272120845921436
-2.0454657933042095
-2.2586062992125964
-0.87484908657665
-0.31698091603053413
-0.9824151260504141
-0.06805829596412544
0.5026445012787715
0.4578510638297872
0.0011049868766404148
0.4047732997481111
0.5026445012787715
-1.3849953846153786
-0.7908349514563126
0.20207775768535288
-0.17777477477477505
-0.8897939330543942
-2.051144654088051
-2.2316993318485494
-1.9850575000000021
-1.1038642917726935
-0.9345243243243243
-0.3250626780626784
-0.5222950819672127
-2.051144654088051
-1.6624875000000006
-0.5013487394957982
0.17604291845493605
0.28884166666666805
0.39314990138067013
0.17604291845493605
-0.9824151260504141
-1.0056260416666654
0.2646411075612355
0.4981131386861313
0.3796145833333334
0.382340425531915
-0.8145632318501191
0.3444018912529551
0.029328402366864126
0.2646411075612355
0.01221712538226297
-0.34409128630705427
-1.8627704697986525
-2.0219569377990374
-2.227424568965514
-2.173564541213047
-1.4108764450866953
-0.9605152941176487
-1.6624875000000006
-2.0219569377990374
-1.4193304347826012
-1.9850575000000021
-2.036969157769852
-1.889157894736842
-2.132591869918689
-1.6918795620438105
0.032951100244498564
-1.0693761638733705
-0.7648644763860392
0.0011049868766404148
-1.0056260416666654
0.30651920341394084
0.20207775768535288
0.40042732558139493
0.6944262672811068
1.1842493438320223
0.45010588235294074
0.04589071856287462
-1.0287012012012022
-0.5840775862068966
0.2706498855835238
0.3831212871287123
0.30651920341394084
-0.812230382293759
-1.5329409282700428
-1.8422768850432478
-1.1583886462882098
-1.0693761638733705
-1.0224908825674794
-0.9525314960629929
-1.572160636758323
-2.0219569377990374
-2.2215927927927863
-1.1153127413127408
-0.8466764705882356
-0.8646016260162609
-1.8422768850432478
-1.1224285714285736
-2.036969157769852
-1.6624875000000006
-2.0621307550644628
-0.9525314960629929
-0.9525314960629929
-1.0287012012012022
-1.1272120845921436
-1.9797261484098998
-0.6827852348993294
0.1835243055555566
0.43303805496828857
0.4930638297872326
0.35648377581120866
0.3561337295690932
0.38154450261780115
0.3796145833333334
0.4578510638297872
-0.9341164021164022
-2.2485446735395067
-1.1247110609480808
-0.5028408163265308
-1.0834258241758183
-0.9304483173076843
-0.9002636718749976
-0.24377176470588255
-1.0287012012012022
-0.9609383954154738
-0.8930408163265315
-1.868141089108913
-2.1588006814310057
-2.117471400394468
-1.6959205741626708
-0.7388260869565211
-0.6791315789473693
0.24169921875000025
0.01221712538226297
0.25352303523035247
0.3796145833333334
-0.7908349514563126
0.19002752293577982
-0.008153751537515392
0.35079245283018895
0.2646411075612355
0.5026445012787715
0.1426720085470073
0.4353767123287665
0.4578510638297872
0.029328402366864126
0.2928582834331334
0.38847987616099033
0.5135074906367042
-0.8145632318501191
0.15121859706362162
0.35648377581120866
0.43303805496828857
0.4578510638297872
0.6526650366748159
0.29738969258589476
-0.31698091603053413
-0.7556052631578938
-0.31698091603053413
-0.5993292181069956
-0.1302763157894736
0.4578510638297872
0.4461352313167233
-0.7540245664739926
-0.9341164021164022
-1.9850575000000021
0.21114473684210497
-0.06805829596412544
0.25352303523035247
0.3444018912529551
0.1426720085470073
-0.8853586956521741
-0.9609383954154738
-1.0056260416666654
-0.008153751537515392
-0.31698091603053413
0.1196451127819549
0.2928582834331334
0.38847987616099033
0.4461352313167233
0.30651920341394084
0.4461352313167233
0.29877862595419846
0.3444018912529551
0.1426738544474397
0.2626285714285709
0.3967337278106513
0.4930638297872326
0.29738969258589476
-0.06805829596412544
0.2816196172248809
0.4578510638297872
0.39314990138067013
0.29738969258589476
0.2706498855835238
0.40042732558139493
0.08553558718861225
0.15121859706362162
0.30651920341394084
0.2928582834331334
-1.0056260416666654
-0.18938818565400894
-0.31266795366795375
0.1835243055555566
0.19002752293577982
0.0011049868766404148
0.24784696016771401
0.18654181818181875
-0.44677900552486083
-0.7128961038961046
-0.87484908657665
-0.5222950819672127
-1.118748768472911
0.1196451127819549
0.4930638297872326
0.38154450261780115
-0.33172649572649554
-0.6767283950617292
-0.959607784431134
-0.7648644763860392
-0.44677900552486083
0.20207102272727243
0.18654181818181875
0.22115163934426263
-0.87484908657665
-2.2586062992125964
-1.6624875000000006
-0.7648644763860392
0.28312300683371316
0.24784696016771401
0.4930638297872326
0.2706498855835238
-0.06805829596412544
-0.14312938005390846
0.18654181818181875
0.29738969258589476
0.2706498855835238
-0.9002636718749976
-1.1798626016260143
-0.06805829596412544
-0.7556052631578938
0.24784696016771401
0.15121859706362162
-0.31698091603053413
-0.5028408163265308
-0.37612589928057555
-2.0454657933042095
-2.1231704225352024
-1.9016159169550249
-0.02053846153846154
0.08553558718861225
-0.5330624999999998
0.40042732558139493
0.4599387755102041
0.4981131386861313
0.2928582834331334
-0.1302763157894736
-0.7663191865605655
-0.1302763157894736
-1.0823501602564103
-2.188063670411987
-1.1706967930029122
-0.9609383954154738
-1.036292812777287
-1.7659166666666666
-2.132591869918689
-1.9850575000000021
-2.132591869918689
-2.206515151515149
-1.302674140508224
-0.18938818565400894
0.18654181818181875
0.24784696016771401
0.3831212871287123
0.36456738544474454
0.3444018912529551
-0.9319820105820098
-0.9341164021164022
-0.02053846153846154
0.032951100244498564
-0.5222950819672127
-1.9828259705488664
-1.0999372862029673
0.20207102272727243
0.29738969258589476
0.5795358851674642
0.5878681434599151
0.40042732558139493
0.6055858895705533
0.6894911242603536
1.4431125000000005
0.8663442622950819
0.4461352313167233
0.7114704225352119
0.7497140381282493
0.7694632237871671
0.30651920341394084
0.4751428571428567
0.5135074906367042
0.5026445012787715
0.5424288939051894
0.45010588235294074
0.40042732558139493
0.5424288939051894
0.4461352313167233
0.29738969258589476
0.5532333333333337
0.15121859706362162
0.30651920341394084
0.29738969258589476
0.26257884615384663
0.39314990138067013
0.5026445012787715
0.5878681434599151
0.20207102272727243
-0.31698091603053413
-0.17777477477477505
-0.959607784431134
-2.188063670411987
-2.188063670411987
-1.302674140508224
-1.572160636758323
-2.1588006814310057
-2.188063670411987
-0.9911371994342248
0.15121859706362162
0.08553558718861225
0.2706498855835238
0.39314990138067013
0.3796145833333334
0.36456738544474454
-0.959607784431134
-0.8621506456240997
0.20207775768535288
0.01221712538226297
-0.07971823204419838
0.1426738544474397
-0.7648644763860392
0.15121859706362162
0.18654181818181875
-0.9345243243243243
-1.889157894736842
-1.0056260416666654
0.4047732997481111
0.35648377581120866
0.29738969258589476
0.4578510638297872
0.532238805970149
0.35079245283018895
-1.2320226063829838
-0.864568798449618
0.23149494949494948
-1.572160636758323
-0.6759467140319688
0.29738969258589476
0.06087058823529425
0.42611346153846114
0.40042732558139493
0.4461352313167233
0.4578510638297872
0.32072894736842106
0.38154450261780115
0.15121859706362162
0.4578510638297872
0.28312300683371316
0.18654181818181875
-0.02053846153846154
0.3831212871287123
0.28884166666666805
-1.9016159169550249
-2.24157999999999
-2.132591869918689
-0.9605152941176487
-1.406566326530613
0.15121859706362162
0.06087058823529425
0.38154450261780115
0.1426720085470073
0.38154450261780115
0.1426720085470073
0.26257884615384663
0.29738969258589476
0.36456738544474454
-0.9525314960629929
-0.6767283950617292
-0.7577291666666662
-0.9605152941176487
-2.188063670411987
-0.9714088888888892
-0.06341258741258735
-0.9319820105820098
-0.7648644763860392
-2.045924265842347
-2.1767058823529406
-1.2320226063829838
-0.49208875739644975
-0.6759467140319688
0.1426738544474397
-0.31266795366795375
-0.31698091603053413
-0.07971823204419838
-0.06805829596412544
0.1835243055555566
0.1835243055555566
-1.2276245027844168
-0.9304483173076843
0.2626285714285709
0.18654181818181875
0.5904479999999996
-0.07971823204419838
-0.37612589928057555
-0.31266795366795375
-0.753432098765433
-0.3000870967741935
-0.31698091603053413
-0.6767283950617292
-0.9177912912912927
0.13615932203389838
-0.5291884057971008
0.382340425531915
0.9754675324675325
0.6944262672811068
0.6944262672811068
0.6055858895705533
0.7694632237871671
0.6083584905660379
0.29738969258589476
0.28884166666666805
0.2706498855835238
-0.25845481049562674
0.24784696016771401
0.19002752293577982
0.36456738544474454
0.5496307189542483
0.650690721649484
-1.5004288913773873
-1.868141089108913
0.235519801980198
-1.2636328947368405
-1.2636328947368405
-0.6767283950617292
-0.9341164021164022
-0.7908349514563126
-0.31483445190156567
-0.1302763157894736
-0.1302763157894736
-0.31698091603053413
-0.9177912912912927
-0.31698091603053413
-1.9850575000000021
-2.1588006814310057
-1.6624875000000006
0.1196451127819549
0.28884166666666805
0.23149494949494948
0.38847987616099033
0.4930638297872326
0.7898554216867474
0.6794598765432096
0.17604291845493605
-1.1583886462882098
-0.06341258741258735
0.6344057377049175
0.38847987616099033
0.3561337295690932
-0.9525314960629929
-0.31266795366795375
-0.31698091603053413
0.3796145833333334
0.6265573122529648
0.29738969258589476
0.7106249999999993
0.40042732558139493
0.28884166666666805
-0.3000870967741935
0.01221712538226297
-0.3000870967741935
-0.17777477477477505
0.01221712538226297
0.2646411075612355
0.4353767123287665
0.30651920341394084
0.6944262672811068
0.8329584664536741
1.4431149068322968
1.3775746606334835
1.3227715736040606
1.5712732240437177
-0.33172649572649554
0.5135074906367042
0.5424288939051894
0.5878681434599151
0.3796145833333334
0.26257884615384663
0.36456738544474454
0.26257884615384663
0.01221712538226297
-0.8618101694915202
0.18654181818181875
-2.132591869918689
-1.5487610619469023
-0.35045901639344246
-0.5291884057971008
0.38154450261780115
0.4578510638297872
0.4930638297872326
-0.8853586956521741
-2.0621307550644628
-0.9714088888888892
-1.5329409282700428
-1.5329409282700428
-0.7483417721518992
0.3561337295690932
0.5989655172413784
0.3831212871287123
0.36456738544474454
-0.8853586956521741
-0.13160270270270225
0.35079245283018895
0.266598265895953
0.3796145833333334
0.5026445012787715
0.6817368421052625
0.382340425531915
-0.7663191865605655
0.266598265895953
-1.336711592836945
0.032951100244498564
0.266598265895953
-0.18957939914163094
-0.87484908657665
0.39314990138067013
0.5026445012787715
0.4047732997481111
-0.8853586956521741
-1.3849953846153786
0.5026445012787715
0.6252292020373516
-0.7404197183098588
-0.9845227272727272
0.04589071856287462
0.4578510638297872
0.6252292020373516
0.4578510638297872
-0.864568798449618
-0.7663191865605655
0.04589071856287462
0.032951100244498564
-1.4263293577981662
-0.5330624999999998
-0.7648644763860392
0.32072894736842106
0.32072894736842106
-0.7483417721518992
-1.0224908825674794
-0.6920124223602492
0.3561337295690932
0.36456738544474454
0.5026445012787715
0.7694632237871671
1.4431149068322968
-0.5190353982300883
0.28884166666666805
-0.812230382293759
0.32072894736842106
-0.8618101694915202
0.5947111111111116
0.4578510638297872
-0.9341164021164022
0.3444018912529551
0.38154450261780115
0.30651920341394084
0.4930638297872326
-0.33172649572649554
0.7497140381282493
1.4610235602094244
0.2928582834331334
-0.812230382293759
-0.8897939330543942
-1.1583886462882098
-0.8930408163265315
-0.9304483173076843
-0.008153751537515392
0.20207775768535288
0.4461352313167233
0.4047732997481111
0.2646411075612355
-0.7648644763860392
0.3831212871287123
0.36456738544474454
0.08553558718861225
0.39314990138067013
0.26257884615384663
0.5135074906367042
0.38154450261780115
0.7497140381282493
-0.33172649572649554
-0.8618101694915202
0.35079245283018895
0.29738969258589476
0.35079245283018895
0.18654181818181875
0.032951100244498564
-0.02053846153846154
0.3561337295690932
0.5795358851674642
0.8329584664536741
0.6894911242603536
0.42611346153846114
0.6896153846153849
0.7547666666666656
1.4431125000000005
0.6055858895705533
0.6083584905660379
-1.0823501602564103
0.28312300683371316
-1.0224908825674794
-0.16245454545454563
0.4431092715231798
0.5026445012787715
-0.3000870967741935
-0.812230382293759
-1.9178905013192542
-0.8145632318501191
-0.02053846153846154
0.032951100244498564
0.2646411075612355
0.2706498855835238
-0.008153751537515392
-0.02053846153846154
-0.02053846153846154
0.24784696016771401
0.029328402366864126
0.6344057377049175
0.39314990138067013
1.3491788617886185
1.2401329479768806
1.3227715736040606
1.2401329479768806
-0.25427441860465116
-0.5013487394957982
-0.346374468085106
0.20207775768535288
0.032951100244498564
0.5135074906367042
0.5947111111111116
1.2401329479768806
1.4431149068322968
1.4431149068322968
1.030279151943463
0.5135074906367042
0.8663442622950819
0.7497140381282493
0.6894911242603536
0.36456738544474454
0.38847987616099033
0.29738969258589476
0.39314990138067013
0.5795358851674642
-0.7540245664739926
0.0011049868766404148
0.2646411075612355
-0.7663191865605655
-0.3000870967741935
-0.7577291666666662
-0.6759467140319688
-0.87484908657665
-0.49208875739644975
-0.06805829596412544
0.3796145833333334
0.28884166666666805
0.01221712538226297
0.032951100244498564
0.2706498855835238
-0.37612589928057555
-1.5144158163265262
-1.868141089108913
-1.0599161882893238
-0.9002636718749976
-0.7663191865605655
0.01221712538226297
-0.19873684210526357
-0.5706652719665268
-0.5857388316151195
-0.37612589928057555
-0.008153751537515392
0.2626285714285709
0.3796145833333334
-0.008153751537515392
0.15121859706362162
0.01221712538226297
-0.07971823204419838
-0.5222950819672127
-0.8853586956521741
0.4047732997481111
0.6083584905660379
0.5532333333333337
0.6341477272727267
0.6788356164383565
0.32072894736842106
0.4930638297872326
0.5424288939051894
0.5904479999999996
0.6344057377049175
0.4930638297872326
0.5135074906367042
0.4930638297872326
0.42611346153846114
-0.7648644763860392
-0.8145632318501191
-0.06341258741258735
-0.5857388316151195
0.0011049868766404148
0.24784696016771401
-1.581371217215873
-1.086308165057078
-2.0454657933042095
-2.0078916323731053
-2.003504504504508
-2.132591869918689
-2.0219569377990374
-0.864568798449618
0.08553558718861225
0.36456738544474454
0.4578510638297872
0.4047732997481111
0.40042732558139493
0.5424288939051894
0.6083584905660379
0.5026445012787715
0.40042732558139493
0.39314990138067013
0.17604291845493605
0.4578510638297872
-0.18957939914163094
0.032951100244498564
0.4431092715231798
0.4578510638297872
0.3831212871287123
-0.8897939330543942
-0.31266795366795375
0.36456738544474454
0.5878681434599151
0.5904479999999996
0.6055858895705533
0.7114704225352119
0.5878681434599151
0.5424288939051894
0.5947111111111116
0.5532333333333337
0.40042732558139493
0.1835243055555566
0.29877862595419846
-0.6759467140319688
0.22436904761904755
-0.2682564102564114
0.13615932203389838
-0.9338581632653
0.1196451127819549
-0.06805829596412544
-0.8934745989304844
-0.06805829596412544
-1.1463941018766823
-2.028803611738144
-1.2373741007194288
-1.9850575000000021
-1.0224908825674794
-1.1153127413127408
-2.188063670411987
-2.227424568965514
-2.2316993318485494
-2.227424568965514
-1.5144158163265262
-0.3000870967741935
0.2646411075612355
-1.3846404255319131
-0.31483445190156567
-1.581371217215873
-1.5144158163265262
-0.5291884057971008
-2.003504504504508
-1.1247110609480808
-0.16517763157894721
0.33481967213114794
0.26257884615384663
-0.5330624999999998
-0.17777477477477505
-1.118748768472911
-0.9609383954154738
-0.9304483173076843
-0.44031069958847935
-0.9069182530795049
-0.16245454545454563
0.1426720085470073
0.13615932203389838
0.1426720085470073
0.29738969258589476
0.3225975103734442
0.4841144578313253
0.3444018912529551
0.21114473684210497
0.01221712538226297
-0.13160270270270225
0.18654181818181875
-0.02053846153846154
-1.8422768850432478
-1.9116531322505843
-0.9525314960629929
-0.06341258741258735
-0.06805829596412544
-0.19873684210526357
0.3444018912529551
0.29877862595419846
0.32072894736842106
0.41724999999999995
0.382340425531915
-0.9002636718749976
-1.0693761638733705
-0.18957939914163094
0.235519801980198
-0.9341164021164022
-0.9177912912912927
-0.9609383954154738
-1.8422768850432478
-1.777137030995102
-0.9824151260504141
-1.1798626016260143
-0.9824151260504141
-0.9177912912912927
-0.25845481049562674
-0.13806506849315084
0.3444018912529551
-0.062208683473390126
-0.7648644763860392
-0.9824151260504141
-0.8930408163265315
-1.140805429864248
0.15812299465240626
-0.13160270270270225
-0.8934745989304844
0.2706498855835238
-0.9450109489051124
-0.06341258741258735
0.42611346153846114
-0.9002636718749976
-0.9605152941176487
-0.7663191865605655
-0.06341258741258735
-0.8930408163265315
-1.8422768850432478
-0.959607784431134
-0.5857388316151195
-0.9069182530795049
-0.8673445378151265
-0.3000870967741935
-1.1798626016260143
-1.9850575000000021
-2.188063670411987
-0.830523504273506
0.13615932203389838
0.38847987616099033
0.5904479999999996
0.2646411075612355
-1.0693761638733705
-2.045924265842347
-1.9797261484098998
-2.208856382978717
-1.2579297124600652
-0.9714088888888892
-0.9304483173076843
-1.1583886462882098
-0.9525314960629929
-1.8422768850432478
-0.9714088888888892
-1.777137030995102
-1.1660373831775674
-0.11560897435897434
0.20349618320610674
0.21114473684210497
-0.06805829596412544
0.33481967213114794
-0.8145632318501191
-0.06341258741258735
-0.10313592233009707
-0.21059880239520967
-0.9177912912912927
-1.0224908825674794
-2.0219569377990374
-1.9116531322505843
-2.003504504504508
-2.0917816593886465
-1.777137030995102
-0.9714088888888892
-0.8997849829351537
-0.35045901639344246
-0.9341164021164022
-0.7663191865605655
0.04589071856287462
0.1196451127819549
-0.9824151260504141
-1.0056260416666654
-1.1583886462882098
-1.8627704697986525
-0.7861853658536603
-1.1224285714285736
-1.8627704697986525
-1.118748768472911
-1.7472631578947297
-2.0078916323731053
-1.9016159169550249
-1.1798626016260143
-1.0834258241758183
-1.2611786833855996
-2.0219569377990374
-2.028803611738144
-0.9605152941176487
-0.5840775862068966
-0.40851520737327407
-0.9319820105820098
-1.5329409282700428
-0.35045901639344246
-0.13160270270270225
-0.06805829596412544
0.15121859706362162
0.1426720085470073
0.18654181818181875
0.3831212871287123
0.06087058823529425
0.4841144578313253
0.5763571428571429
0.5766320754716985
0.6526650366748159
1.1084469026548687
1.1775459558823536
0.7694632237871671
0.6152344689378767
-0.02053846153846154
0.5026445012787715
-0.24377176470588255
0.38847987616099033
0.18654181818181875
0.28884166666666805
0.38790909090909087
0.5265657894736833
0.6265573122529648
0.28884166666666805
0.18654181818181875
-0.8997849829351537
0.1426720085470073
0.532238805970149
0.29738969258589476
0.29877862595419846
0.24245333333333335
0.3967337278106513
0.6497279411764706
0.6265573122529648
0.5989655172413784
0.7694632237871671
0.7497140381282493
0.6497279411764706
0.4431092715231798
0.7497140381282493
0.5989655172413784
0.5496307189542483
-0.7556052631578938
-1.118748768472911
-1.8627704697986525
-0.5190353982300883
-0.6767283950617292
-0.21059880239520967
0.29738969258589476
0.42611346153846114
0.4751428571428567
0.6788356164383565
0.3831212871287123
1.1775459558823536
1.4431149068322968
0.5496307189542483
1.4046018099547524
0.6265573122529648
0.7694632237871671
0.9035664739884405
1.454716417910448
0.9377071428571429
0.4841144578313253
0.8663442622950819
-0.9341164021164022
0.36456738544474454
0.7917083333333337
0.7917083333333337
0.5947111111111116
0.5135074906367042
0.38154450261780115
0.3444018912529551
0.5026445012787715
0.4640272727272728
0.32072894736842106
0.6526650366748159
1.2023582089552247
0.1426720085470073
0.5265657894736833
-1.0056260416666654
-0.25845481049562674
0.39354726368159193
0.5496307189542483
0.532238805970149
0.5424288939051894
0.5947111111111116
0.2971397849462356
0.5813291139240512
0.9035664739884405
1.4196813186813175
1.1711616438356152
0.1426720085470073
-0.9002636718749976
-1.9828259705488664
-1.9885819672131098
-0.2682564102564114
0.532238805970149
0.5265657894736833
-0.9714088888888892
-1.9850575000000021
-1.961818181818182
-0.7388260869565211
-0.7663191865605655
-0.8853586956521741
-0.7663191865605655
-0.9002636718749976
-0.16245454545454563
0.4841144578313253
0.39314990138067013
0.4981131386861313
0.5026445012787715
0.4640272727272728
0.5026445012787715
0.4599387755102041
0.6424325396825388
0.6788356164383565
0.8973447684391072
1.3227715736040606
1.0947878787878789
1.1775459558823536
1.4196813186813175
0.17604291845493605
0.2971397849462356
0.30651920341394084
-1.0056260416666654
-1.5329409282700428
-2.227424568965514
-2.2581083333333383
-1.140805429864248
0.3444018912529551
0.4981131386861313
0.4981131386861313
0.5813291139240512
0.600952380952381
0.5424288939051894
0.8782699386503069
0.6470530973451323
0.600952380952381
0.6497279411764706
0.5135074906367042
0.06087058823529425
-1.0693761638733705
-1.6624875000000006
-1.868141089108913
-1.6624875000000006
-1.1463941018766823
-0.9605152941176487
-0.8853586956521741
-2.003504504504508
-0.9341164021164022
0.1426720085470073
0.40042732558139493
0.5878681434599151
0.5488112244897967
0.40042732558139493
0.3796145833333334
0.15121859706362162
-0.24377176470588255
0.2646411075612355
0.4461352313167233
0.40042732558139493
0.4981131386861313
0.30651920341394084
-0.87484908657665
0.5904479999999996
0.7497140381282493
1.1711616438356152
1.3227715736040606
1.3491788617886185
1.2984683098591563
1.1775459558823536
1.030279151943463
1.4521097046413491
1.5312770083102485
1.5312770083102485
1.499352542372883
1.632272425249166
1.5887989417989419
1.5312770083102485
1.4610235602094244
1.6041197411003225
1.638983050847459
1.3491788617886185
1.3491788617886185
1.3775746606334835
1.3138039215686268
1.4431125000000005
1.6714698795180722
1.4431149068322968
1.4610235602094244
1.5799671052631596
1.638983050847459
1.638983050847459
1.5976794871794866
1.5887989417989419
1.6613941176470595
1.5855959999999973
1.3138039215686268
0.1426720085470073
-1.3846404255319131
-1.9016159169550249
-1.6624875000000006
-2.132591869918689
0.43303805496828857
0.5766320754716985
0.6896153846153849
0.3339490445859872
0.5135074906367042
0.5989655172413784
0.5878681434599151
0.5989655172413784
0.1426720085470073
0.2971397849462356
-0.062208683473390126
0.3444018912529551
0.39354726368159193
-0.8279453441295586
-0.8930408163265315
0.21114473684210497
0.6424325396825388
0.7547666666666656
0.38154450261780115
0.4981131386861313
0.4930638297872326
0.7598028169014077
1.05678494623656
1.1898053097345136
1.4431149068322968
0.6055858895705533
1.030279151943463
1.2984683098591563
1.4610235602094244
1.3227715736040606
0.6794598765432096
0.9087104247104248
1.012251381215471
0.8329584664536741
0.7694632237871671
1.05678494623656
1.4046018099547524
1.4521097046413491
1.3138039215686268
1.3775746606334835
0.5532333333333337
0.8329584664536741
1.030279151943463
-1.4193304347826012
-1.312426386233271
-1.0599161882893238
-0.31266795366795375
-0.9824151260504141
0.0011049868766404148
0.38847987616099033
0.30651920341394084
0.5496307189542483
0.6470530973451323
0.7694632237871671
1.3491788617886185
1.499352542372883
1.1842493438320223
0.5878681434599151
0.4047732997481111
-0.9714088888888892
-1.5329409282700428
-1.5329409282700428
-1.5148775510204073
0.38847987616099033
-1.8627704697986525
-1.777137030995102
-0.9002636718749976
-0.7556052631578938
-1.2276245027844168
-2.1231704225352024
-1.7638870967741933
-0.9002636718749976
-0.864568798449618
0.04589071856287462
0.3444018912529551
0.0011049868766404148
-0.8853586956521741
-0.9341164021164022
0.032951100244498564
0.4461352313167233
0.7089756097560972
0.9377071428571429
0.7898554216867474
1.030279151943463
1.1842493438320223
1.3227715736040606
0.32072894736842106
0.3831212871287123
-0.8618101694915202
0.38154450261780115
0.39314990138067013
0.3225975103734442
0.42611346153846114
0.9754675324675325
0.9754675324675325
0.4578510638297872
0.6911897435897436
0.650690721649484
0.6252292020373516
0.29738969258589476
0.4353767123287665
0.2971397849462356
0.3444018912529551
0.32072894736842106
-0.9824151260504141
-0.9177912912912927
-1.5204387001477155
-1.9850575000000021
-1.0056260416666654
-0.9002636718749976
-0.8934745989304844
-2.0454657933042095
-0.7648644763860392
-0.9319820105820098
-1.6914925373134346
-0.16245454545454563
0.15812299465240626
-0.5330624999999998
-0.5840775862068966
-0.9714088888888892
-0.9450109489051124
0.2971397849462356
-0.9714088888888892
-1.1578888888888887
-1.9797261484098998
-1.2276245027844168
-1.6390771010023182
-0.40851520737327407
-2.0917816593886465
-0.8965128205128224
-1.5204387001477155
-1.4108764450866953
-0.02053846153846154
0.5496307189542483
0.9400331325301202
1.3775746606334835
1.030279151943463
0.7598028169014077
-0.7908349514563126
-1.0224908825674794
-0.8853586956521741
0.4461352313167233
0.5947111111111116
0.5878681434599151
-1.036292812777287
-0.40851520737327407
0.5135074906367042
0.5135074906367042
1.0364920634920638
1.1775459558823536
1.1740394736842121
1.2520121951219514
0.6424325396825388
0.9035664739884405
1.012251381215471
0.7089756097560972
0.8329584664536741
0.8973447684391072
-0.9319820105820098
-0.35045901639344246
0.3967337278106513
1.012251381215471
0.42611346153846114
-0.8930408163265315
-2.188063670411987
-0.9845227272727272
0.21114473684210497
-0.9450109489051124
0.650690721649484
0.7497140381282493
0.7497140381282493
0.01221712538226297
-0.18957939914163094
-0.16245454545454563
-0.9714088888888892
0.235519801980198
0.7497140381282493
0.7497140381282493
0.4640272727272728
0.5813291139240512
0.6152344689378767
0.7547666666666656
0.4930638297872326
-0.9069182530795049
-0.11560897435897434
-1.036292812777287
-1.9295000000000002
-2.0219569377990374
-0.40851520737327407
-1.9563124999999997
0.1196451127819549
0.461324
1.2401329479768806
0.7694632237871671
0.4930638297872326
0.6424325396825388
-0.40851520737327407
0.600952380952381
0.6252292020373516
0.4981131386861313
-1.3557857142857137
-0.5028408163265308
0.38847987616099033
0.20349618320610674
-2.132591869918689
-0.8934745989304844
-1.581371217215873
-0.35045901639344246
0.5026445012787715
1.1775459558823536
1.4521097046413491
0.5496307189542483
-1.4108764450866953
-0.8853586956521741
0.4981131386861313
0.029328402366864126
-1.6390771010023182
0.0011049868766404148
-0.16245454545454563
-0.9911371994342248
0.40042732558139493
0.30651920341394084
-1.5329409282700428
-1.5204387001477155
-2.206515151515149
-1.5144158163265262
-0.8965128205128224
-0.87484908657665
-0.7540245664739926
-0.7540245664739926
-0.844627777777779
-0.959607784431134
-0.8934745989304844
-0.06341258741258735
-0.9609383954154738
0.32072894736842106
0.06087058823529425
0.4431092715231798
0.43303805496828857
0.2928582834331334
-0.35045901639344246
0.06087058823529425
-0.8853586956521741
-1.7472631578947297
-0.17777477477477505
-0.8930408163265315
-0.8934745989304844
-0.24377176470588255
-1.0056260416666654
-0.7648644763860392
0.24245333333333335
0.5135074906367042
0.8329584664536741
0.6497279411764706
0.6252292020373516
0.6489304029304037
0.38847987616099033
-0.13160270270270225
-0.17777477477477505
-0.864568798449618
-0.24864951768488777
0.24245333333333335
0.3225975103734442
0.36456738544474454
-0.7404197183098588
-0.06341258741258735
-1.5144158163265262
-2.1606305732483957
-2.188063670411987
-2.206515151515149
-2.117471400394468
